filename	comments	StepSize	DelayTime	volts	CV-tron	IonGauge	Temperature	NEON HV	PMT HV	c0	dc0	c1	dc1	s1	ds1	c2	dc2	s2	ds2	c4	dc4	s4	ds4	mag2	angle2	mag4	angle4	SSres	 R ²
/home/pi/Data/2018-04-29/POL2018-04-29_152715.dat	vac/atmo	1	30	1.000000	8.83E+02	3.82E-03	33.599998	-1.450293	-1005.587444	0.003220	-0.000093	0.000030	0.000086	0.000030	0.000021	0.000185	0.000030	-0.000242	0.000031	0.000090	0.000030	0.000026	0.000030	0.000304	-0.918519	0.000094	0.284774	0.000080	0.227853
/home/pi/Data/2018-04-29/POL2018-04-29_152823.dat	vac/atmo	1	30	3.990000	9.00E+02	3.82E-03	33.599998	1799.584806	-1004.824132	0.689771	-0.000069	0.000196	-0.001805	0.000198	0.000139	-0.004032	0.000219	-0.054974	0.000173	0.290766	0.000198	-0.049311	0.000196	0.055121	-1.644010	0.294918	-0.167991	0.011867	0.999341
/home/pi/Data/2018-04-29/POL2018-04-29_152930.dat	vac/atmo	1	30	3.990000	9.00E+02	3.82E-03	33.500000	1803.096041	-1005.740106	0.697097	0.002739	0.000194	0.002258	0.000195	0.000138	-0.002842	0.000215	-0.052807	0.000172	0.293768	0.000196	-0.046957	0.000193	0.052884	-1.624561	0.297497	-0.158503	0.004308	0.999764
/home/pi/Data/2018-04-29/POL2018-04-29_153036.dat	vac/atmo	1	30	3.990000	9.00E+02	3.82E-03	33.500000	1800.958768	-1005.587444	0.698417	0.003065	0.000196	0.002717	0.000196	0.000139	-0.003044	0.000215	-0.052840	0.000175	0.294677	0.000196	-0.047284	0.000197	0.052927	-1.628348	0.298446	-0.159105	0.004102	0.999777
/home/pi/Data/2018-04-29/POL2018-04-29_153143.dat	vac/atmo	1	30	3.990000	9.00E+02	3.82E-03	33.500000	1799.813800	-1005.816437	0.698541	0.003331	0.000196	0.002018	0.000194	0.000138	-0.002510	0.000216	-0.052806	0.000171	0.294569	0.000195	-0.047055	0.000195	0.052866	-1.618294	0.298304	-0.158405	0.004001	0.999782
/home/pi/Data/2018-04-29/POL2018-04-29_153249.dat	vac/atmo	1	30	3.990000	8.83E+02	3.82E-03	33.500000	1800.577112	-1005.740106	0.698296	0.003232	0.000197	0.003266	0.000192	0.000137	-0.002476	0.000215	-0.052170	0.000171	0.295056	0.000194	-0.047619	0.000195	0.052229	-1.618215	0.298874	-0.160009	0.004281	0.999768
/home/pi/Data/2018-04-29/POL2018-04-29_153408.dat	vac/atmo	1	30	1.000000	1.46E+00	3.82E-03	33.500000	-0.000000	-1006.121762	0.003438	-0.000096	0.000030	-0.000237	0.000029	0.000021	-0.000007	0.000030	0.000040	0.000029	-0.000019	0.000030	0.000083	0.000029	0.000041	1.751435	0.000085	1.793657	0.000090	0.141860
/home/pi/Data/2018-04-29/POL2018-04-29_153529.dat	vac/atmo	1	30	3.990000	2.86E-01	3.82E-03	33.500000	1799.737468	-1005.205788	0.691993	0.001365	0.000193	-0.001129	0.000197	0.000138	-0.003309	0.000216	-0.053446	0.000172	0.292512	0.000195	-0.047882	0.000194	0.053548	-1.632625	0.296405	-0.162252	0.007183	0.999604
/home/pi/Data/2018-04-29/POL2018-04-29_153645.dat	vac/atmo	1	30	3.990000	2.28E-01	3.82E-03	33.500000	1799.584806	-1005.511113	0.697661	0.002827	0.000196	0.002342	0.000195	0.000138	-0.002618	0.000216	-0.052325	0.000172	0.294438	0.000198	-0.047515	0.000193	0.052390	-1.620787	0.298247	-0.159997	0.004079	0.999778
/home/pi/Data/2018-04-29/POL2018-04-29_153801.dat	vac/atmo	1	30	3.990000	2.00E-01	3.82E-03	33.500000	1803.248703	-1005.282119	0.697926	0.002167	0.000196	0.002686	0.000194	0.000138	-0.002673	0.000216	-0.052323	0.000172	0.295098	0.000196	-0.047255	0.000194	0.052391	-1.621832	0.298857	-0.158784	0.004098	0.999778
/home/pi/Data/2018-04-29/POL2018-04-29_153918.dat	vac/atmo	1	30	3.990000	1.82E-01	3.82E-03	33.500000	1799.661137	-1005.282119	0.697811	0.003028	0.000197	0.002637	0.000190	0.000137	-0.002463	0.000215	-0.052064	0.000170	0.294555	0.000195	-0.047314	0.000193	0.052122	-1.618072	0.298330	-0.159268	0.003930	0.999786
/home/pi/Data/2018-04-29/POL2018-04-29_154035.dat	vac/atmo	1	30	3.990000	1.65E-01	3.82E-03	33.500000	1800.119124	-1005.358450	0.698498	0.002507	0.000194	0.002831	0.000193	0.000137	-0.002860	0.000213	-0.052215	0.000172	0.295252	0.000193	-0.047754	0.000194	0.052293	-1.625509	0.299089	-0.160352	0.003601	0.999805
/home/pi/Data/2018-04-29/POL2018-04-29_154155.dat	vac/atmo	1	30	1.010000	9.00E+02	3.82E-03	33.500000	-1.221300	-1005.969100	0.002933	0.000020	0.000030	-0.000102	0.000030	0.000021	0.000044	0.000030	0.000010	0.000030	-0.000062	0.000030	-0.000009	0.000031	0.000045	0.215688	0.000063	-3.004940	0.000085	0.038058
/home/pi/Data/2018-04-29/POL2018-04-29_154303.dat	vac/atmo	1	30	3.990000	9.00E+02	3.82E-03	33.500000	1797.065876	-1006.198093	0.688719	-0.000314	0.000193	-0.002121	0.000195	0.000137	-0.003778	0.000216	-0.054922	0.000170	0.290181	0.000197	-0.049154	0.000192	0.055052	-1.639470	0.294314	-0.167799	0.013555	0.999245
/home/pi/Data/2018-04-29/POL2018-04-29_154410.dat	vac/atmo	1	30	3.990000	9.00E+02	3.82E-03	33.500000	1801.264092	-1006.121762	0.696145	0.002566	0.000193	0.001576	0.000192	0.000136	-0.002887	0.000212	-0.053044	0.000171	0.294218	0.000193	-0.047625	0.000193	0.053123	-1.625168	0.298047	-0.160477	0.004692	0.999744
/home/pi/Data/2018-04-29/POL2018-04-29_154516.dat	vac/atmo	1	30	3.990000	9.00E+02	3.82E-03	33.500000	1803.630359	-1005.892769	0.697197	0.002555	0.000194	0.002324	0.000194	0.000137	-0.002626	0.000215	-0.052922	0.000170	0.294592	0.000194	-0.047638	0.000193	0.052987	-1.620379	0.298418	-0.160322	0.003674	0.999800
/home/pi/Data/2018-04-29/POL2018-04-29_154623.dat	vac/atmo	1	30	3.990000	8.83E+02	3.82E-03	33.599998	1800.958768	-1005.816437	0.698056	0.003251	0.000197	0.002384	0.000196	0.000139	-0.002786	0.000218	-0.052490	0.000173	0.295170	0.000196	-0.047690	0.000198	0.052564	-1.623827	0.298998	-0.160184	0.004602	0.999750
/home/pi/Data/2018-04-29/POL2018-04-29_154729.dat	vac/atmo	1	30	3.990000	9.00E+02	3.82E-03	33.599998	1802.409060	-1005.816437	0.698449	0.002828	0.000198	0.002810	0.000199	0.000140	-0.002456	0.000220	-0.052476	0.000175	0.295523	0.000200	-0.047242	0.000198	0.052534	-1.617561	0.299275	-0.158517	0.004532	0.999755
/home/pi/Data/2018-04-29/POL2018-04-29_154848.dat	vac/atmo	1	30	1.010000	1.46E+00	3.82E-03	33.599998	-0.381656	-1005.511113	0.003254	-0.000014	0.000029	-0.000003	0.000030	0.000021	-0.000014	0.000029	-0.000016	0.000030	0.000111	0.000030	-0.000004	0.000029	0.000021	-2.299621	0.000111	-0.038973	0.000108	0.023558
/home/pi/Data/2018-04-29/POL2018-04-29_155005.dat	vac/atmo	1	30	3.990000	2.92E-01	3.82E-03	33.599998	1799.432144	-1005.358450	0.692113	0.001623	0.000198	-0.001221	0.000194	0.000139	-0.003585	0.000218	-0.053273	0.000172	0.291819	0.000197	-0.048338	0.000195	0.053393	-1.637986	0.295796	-0.164155	0.006712	0.999629
/home/pi/Data/2018-04-29/POL2018-04-29_155121.dat	vac/atmo	1	30	3.990000	2.32E-01	3.82E-03	33.599998	1803.554028	-1005.740106	0.697342	0.002250	0.000199	0.002364	0.000198	0.000141	-0.002835	0.000218	-0.052501	0.000177	0.294694	0.000198	-0.047440	0.000199	0.052577	-1.624741	0.298488	-0.159611	0.003964	0.999784
/home/pi/Data/2018-04-29/POL2018-04-29_155238.dat	vac/atmo	1	30	3.990000	2.03E-01	3.82E-03	33.700001	1802.180067	-1005.892769	0.697911	0.002748	0.000197	0.002147	0.000194	0.000138	-0.003082	0.000216	-0.052069	0.000172	0.294639	0.000197	-0.047525	0.000194	0.052160	-1.629914	0.298447	-0.159923	0.004207	0.999771
/home/pi/Data/2018-04-29/POL2018-04-29_155355.dat	vac/atmo	1	30	3.990000	1.85E-01	3.82E-03	33.599998	1803.630359	-1005.816437	0.698187	0.002649	0.000191	0.002807	0.000200	0.000139	-0.002529	0.000216	-0.052000	0.000174	0.295024	0.000196	-0.046834	0.000195	0.052061	-1.619396	0.298718	-0.157434	0.004217	0.999771
/home/pi/Data/2018-04-29/POL2018-04-29_155512.dat	vac/atmo	1	30	3.990000	1.65E-01	3.82E-03	33.700001	1801.722080	-1004.518807	0.698104	0.002841	0.000193	0.002697	0.000198	0.000139	-0.002381	0.000217	-0.052317	0.000172	0.294429	0.000199	-0.047806	0.000193	0.052371	-1.616272	0.298285	-0.160965	0.004313	0.999765
/home/pi/Data/2018-04-29/POL2018-04-29_155632.dat	vac/atmo	1	30	1.000000	8.83E+02	3.82E-03	33.700001	-0.457987	-1004.976794	0.003087	-0.000103	0.000029	0.000097	0.000029	0.000021	0.000000	0.000030	0.000080	0.000029	0.000020	0.000029	0.000008	0.000030	0.000080	1.564844	0.000022	0.392300	0.000156	0.033602
/home/pi/Data/2018-04-29/POL2018-04-29_155739.dat	vac/atmo	1	30	3.990000	8.83E+02	3.82E-03	33.700001	1794.623278	-1005.511113	0.689266	-0.000010	0.000192	-0.001852	0.000197	0.000137	-0.004163	0.000215	-0.054632	0.000171	0.290213	0.000194	-0.048997	0.000194	0.054791	-1.646857	0.294320	-0.167254	0.014123	0.999213
/home/pi/Data/2018-04-29/POL2018-04-29_155846.dat	vac/atmo	1	30	3.990000	9.00E+02	3.82E-03	33.700001	1800.577112	-1006.121762	0.696284	0.002680	0.000198	0.002075	0.000195	0.000139	-0.002805	0.000218	-0.052716	0.000171	0.294400	0.000198	-0.047859	0.000194	0.052791	-1.623958	0.298265	-0.161156	0.004207	0.999771
/home/pi/Data/2018-04-29/POL2018-04-29_155953.dat	vac/atmo	1	30	3.990000	8.83E+02	3.82E-03	33.700001	1801.645748	-1006.274424	0.697760	0.002822	0.000194	0.002911	0.000199	0.000139	-0.002405	0.000218	-0.052461	0.000172	0.294825	0.000196	-0.047062	0.000197	0.052516	-1.616616	0.298558	-0.158292	0.003860	0.999790
/home/pi/Data/2018-04-29/POL2018-04-29_160059.dat	vac/atmo	1	30	3.990000	8.83E+02	3.82E-03	33.700001	1801.569417	-1005.816437	0.698287	0.002948	0.000196	0.002914	0.000198	0.000139	-0.003384	0.000216	-0.052284	0.000176	0.295344	0.000196	-0.047507	0.000198	0.052393	-1.635425	0.299140	-0.159488	0.004114	0.999777
/home/pi/Data/2018-04-29/POL2018-04-29_160206.dat	vac/atmo	1	30	3.990000	9.00E+02	3.82E-03	33.700001	1801.111430	-1005.816437	0.698485	0.002145	0.000196	0.003003	0.000191	0.000137	-0.002207	0.000214	-0.052638	0.000172	0.294574	0.000194	-0.047200	0.000193	0.052684	-1.612692	0.298331	-0.158880	0.003932	0.999786
/home/pi/Data/2018-04-29/POL2018-04-29_160324.dat	vac/atmo	1	30	1.000000	1.49E+00	3.82E-03	33.799999	-0.305325	-1004.824132	0.003139	-0.000163	0.000029	0.000022	0.000028	0.000020	-0.000142	0.000029	-0.000110	0.000028	0.000070	0.000029	0.000033	0.000028	0.000179	-2.483822	0.000077	0.440955	0.000116	0.100959
/home/pi/Data/2018-04-29/POL2018-04-29_160442.dat	vac/atmo	1	30	3.990000	2.97E-01	3.82E-03	33.799999	1800.119124	-1005.892769	0.691405	0.001064	0.000191	-0.000464	0.000197	0.000137	-0.003297	0.000214	-0.053208	0.000171	0.291570	0.000194	-0.048007	0.000194	0.053310	-1.632673	0.295496	-0.163185	0.006564	0.999636
/home/pi/Data/2018-04-29/POL2018-04-29_160558.dat	vac/atmo	1	30	3.990000	2.37E-01	3.82E-03	33.700001	1799.584806	-1005.663775	0.696703	0.002511	0.000197	0.002727	0.000199	0.000140	-0.002632	0.000219	-0.052488	0.000174	0.294550	0.000198	-0.047762	0.000197	0.052553	-1.620904	0.298398	-0.160752	0.004022	0.999781
/home/pi/Data/2018-04-29/POL2018-04-29_160715.dat	vac/atmo	1	30	3.990000	2.03E-01	3.82E-03	33.700001	1801.416755	-1005.434781	0.697846	0.002702	0.000194	0.002418	0.000196	0.000138	-0.002807	0.000216	-0.051859	0.000172	0.294892	0.000196	-0.047488	0.000194	0.051935	-1.624869	0.298691	-0.159663	0.003968	0.999784
/home/pi/Data/2018-04-29/POL2018-04-29_160832.dat	vac/atmo	1	30	3.990000	1.85E-01	3.82E-03	33.599998	1801.035099	-1005.511113	0.698326	0.002587	0.000198	0.003074	0.000198	0.000140	-0.002964	0.000219	-0.052269	0.000175	0.295028	0.000198	-0.047465	0.000199	0.052353	-1.627436	0.298822	-0.159516	0.003942	0.999786
/home/pi/Data/2018-04-29/POL2018-04-29_160948.dat	vac/atmo	1	30	3.990000	1.68E-01	3.82E-03	33.599998	1802.485391	-1005.587444	0.697723	0.001968	0.000196	0.002762	0.000199	0.000140	-0.003055	0.000219	-0.052249	0.000174	0.295038	0.000199	-0.047623	0.000196	0.052338	-1.629200	0.298857	-0.160032	0.004228	0.999770
/home/pi/Data/2018-04-29/POL2018-04-29_161108.dat	vac/atmo	1	30	1.000000	8.83E+02	3.82E-03	33.599998	-0.457987	-1005.816437	0.003010	0.000133	0.000029	-0.000151	0.000029	0.000021	0.000059	0.000029	-0.000151	0.000029	-0.000024	0.000029	-0.000021	0.000029	0.000162	-1.197555	0.000032	-2.429472	0.000111	0.108402
/home/pi/Data/2018-04-29/POL2018-04-29_161216.dat	vac/atmo	1	30	3.990000	8.83E+02	3.82E-03	33.599998	1797.142208	-1005.205788	0.688736	-0.000252	0.000194	-0.002070	0.000196	0.000138	-0.004321	0.000216	-0.054701	0.000172	0.290252	0.000193	-0.048849	0.000197	0.054871	-1.649626	0.294334	-0.166736	0.013516	0.999247
/home/pi/Data/2018-04-29/POL2018-04-29_161323.dat	vac/atmo	1	30	3.990000	9.00E+02	3.82E-03	33.599998	1799.737468	-1005.969100	0.696548	0.001952	0.000200	0.001823	0.000198	0.000141	-0.002501	0.000221	-0.052821	0.000175	0.294467	0.000199	-0.047660	0.000199	0.052880	-1.618113	0.298299	-0.160460	0.004102	0.999777
/home/pi/Data/2018-04-29/POL2018-04-29_161429.dat	vac/atmo	1	30	3.990000	9.00E+02	3.82E-03	33.599998	1803.477697	-1005.969100	0.696902	0.003225	0.000191	0.002800	0.000196	0.000137	-0.002195	0.000212	-0.052558	0.000173	0.294321	0.000194	-0.047743	0.000193	0.052604	-1.612543	0.298168	-0.160813	0.004118	0.999775
/home/pi/Data/2018-04-29/POL2018-04-29_161536.dat	vac/atmo	1	30	3.990000	9.00E+02	3.82E-03	33.799999	1800.577112	-1005.282119	0.697613	0.002730	0.000199	0.002395	0.000201	0.000142	-0.003112	0.000221	-0.052444	0.000177	0.294786	0.000202	-0.047166	0.000199	0.052537	-1.630070	0.298535	-0.158656	0.004036	0.999780
/home/pi/Data/2018-04-29/POL2018-04-29_161642.dat	vac/atmo	1	30	3.990000	8.83E+02	3.82E-03	33.700001	1801.874742	-1005.587444	0.697424	0.003269	0.000196	0.002211	0.000196	0.000139	-0.002672	0.000215	-0.052078	0.000175	0.295185	0.000196	-0.047890	0.000196	0.052146	-1.622052	0.299045	-0.160837	0.004548	0.999753
/home/pi/Data/2018-04-29/POL2018-04-29_161801.dat	vac/atmo	1	30	1.000000	1.49E+00	3.82E-03	33.799999	-1.373962	-1005.892769	0.003403	0.000019	0.000029	-0.000078	0.000029	0.000021	0.000001	0.000029	-0.000011	0.000029	-0.000002	0.000029	0.000037	0.000029	0.000011	-1.507910	0.000037	1.637273	0.000063	0.024619
/home/pi/Data/2018-04-29/POL2018-04-29_161922.dat	vac/atmo	1	30	3.990000	2.97E-01	3.82E-03	33.700001	1799.813800	-1005.816437	0.691158	0.001214	0.000195	-0.001267	0.000198	0.000139	-0.003548	0.000218	-0.053060	0.000172	0.291533	0.000196	-0.048517	0.000197	0.053178	-1.637561	0.295542	-0.164909	0.005516	0.999694
/home/pi/Data/2018-04-29/POL2018-04-29_162038.dat	vac/atmo	1	30	3.990000	2.37E-01	3.82E-03	33.700001	1803.172372	-1005.663775	0.696700	0.002800	0.000195	0.001919	0.000199	0.000139	-0.002542	0.000218	-0.052508	0.000174	0.294245	0.000197	-0.047394	0.000197	0.052570	-1.619177	0.298038	-0.159699	0.003791	0.999793
/home/pi/Data/2018-04-29/POL2018-04-29_162154.dat	vac/atmo	1	30	3.990000	2.03E-01	3.82E-03	33.700001	1800.271787	-1006.121762	0.697587	0.003286	0.000195	0.002297	0.000195	0.000138	-0.002807	0.000215	-0.051784	0.000174	0.294520	0.000194	-0.047505	0.000197	0.051860	-1.624953	0.298326	-0.159920	0.003753	0.999795
/home/pi/Data/2018-04-29/POL2018-04-29_162311.dat	vac/atmo	1	30	3.990000	1.85E-01	3.82E-03	33.799999	1801.722080	-1005.282119	0.697914	0.002712	0.000193	0.002394	0.000190	0.000135	-0.002897	0.000210	-0.052210	0.000171	0.295032	0.000190	-0.047065	0.000193	0.052291	-1.626218	0.298763	-0.158193	0.003983	0.999784
/home/pi/Data/2018-04-29/POL2018-04-29_162428.dat	vac/atmo	1	30	3.990000	1.68E-01	3.82E-03	33.799999	1798.210844	-1005.358450	0.697550	0.002450	0.000201	0.002121	0.000195	0.000140	-0.002381	0.000219	-0.052183	0.000174	0.294232	0.000196	-0.047421	0.000199	0.052237	-1.616401	0.298029	-0.159796	0.003792	0.999793
/home/pi/Data/2018-04-29/POL2018-04-29_162548.dat	vac/atmo	1	30	1.000000	9.00E+02	3.82E-03	33.799999	-0.763312	-1005.205788	0.003558	-0.000027	0.000030	-0.000012	0.000029	0.000021	0.000049	0.000029	-0.000061	0.000030	0.000047	0.000029	-0.000016	0.000030	0.000078	-0.894355	0.000050	-0.329543	0.000069	0.026718
/home/pi/Data/2018-04-29/POL2018-04-29_162656.dat	vac/atmo	1	30	3.990000	8.83E+02	3.82E-03	33.799999	1797.752857	-1005.587444	0.688609	-0.000251	0.000196	-0.002054	0.000195	0.000138	-0.004043	0.000215	-0.054648	0.000173	0.289991	0.000196	-0.049415	0.000194	0.054797	-1.644653	0.294171	-0.168782	0.014883	0.999170
/home/pi/Data/2018-04-29/POL2018-04-29_162803.dat	vac/atmo	1	30	3.990000	9.00E+02	3.82E-03	33.799999	1798.516169	-1004.976794	0.696257	0.002870	0.000196	0.002366	0.000199	0.000140	-0.003057	0.000216	-0.052701	0.000177	0.294379	0.000195	-0.047316	0.000199	0.052790	-1.628732	0.298157	-0.159367	0.003788	0.999793
/home/pi/Data/2018-04-29/POL2018-04-29_162909.dat	vac/atmo	1	30	3.990000	9.00E+02	3.82E-03	33.799999	1805.309646	-1006.274424	0.697452	0.003125	0.000193	0.002597	0.000197	0.000138	-0.002630	0.000215	-0.052600	0.000173	0.294206	0.000196	-0.047455	0.000195	0.052665	-1.620761	0.298009	-0.159920	0.003816	0.999792
/home/pi/Data/2018-04-29/POL2018-04-29_163016.dat	vac/atmo	1	30	3.990000	8.83E+02	3.82E-03	33.799999	1801.035099	-1005.282119	0.697826	0.002804	0.000197	0.002362	0.000192	0.000138	-0.002724	0.000215	-0.052393	0.000173	0.294615	0.000194	-0.047332	0.000195	0.052464	-1.622747	0.298393	-0.159297	0.004293	0.999766
/home/pi/Data/2018-04-29/POL2018-04-29_163122.dat	vac/atmo	1	30	3.990000	9.00E+02	3.82E-03	33.799999	1800.958768	-1006.045431	0.698086	0.002588	0.000199	0.002638	0.000199	0.000141	-0.002574	0.000221	-0.051953	0.000175	0.294898	0.000201	-0.047628	0.000197	0.052017	-1.620291	0.298719	-0.160125	0.003981	0.999784
/home/pi/Data/2018-04-29/POL2018-04-29_163241.dat	vac/atmo	1	30	1.000000	1.49E+00	3.82E-03	33.799999	0.305325	-1005.587444	0.003626	0.000071	0.000030	-0.000316	0.000030	0.000021	-0.000048	0.000030	-0.000097	0.000030	0.000044	0.000030	-0.000009	0.000030	0.000109	-2.031593	0.000045	-0.195182	0.000095	0.199580
/home/pi/Data/2018-04-29/POL2018-04-29_163401.dat	vac/atmo	1	30	3.990000	2.92E-01	3.82E-03	33.700001	1686.385609	-1005.969100	0.691900	0.002060	0.000193	-0.000285	0.000196	0.000138	-0.003490	0.000215	-0.053216	0.000172	0.291755	0.000194	-0.048754	0.000196	0.053331	-1.636293	0.295801	-0.165576	0.005689	0.999685
/home/pi/Data/2018-04-29/POL2018-04-29_163521.dat	vac/atmo	1	30	3.990000	2.37E-01	3.82E-03	33.700001	1800.577112	-1005.740106	0.696758	0.003195	0.000197	0.002274	0.000192	0.000138	-0.002654	0.000214	-0.052028	0.000173	0.293721	0.000198	-0.047591	0.000192	0.052096	-1.621770	0.297551	-0.160633	0.003608	0.999802
/home/pi/Data/2018-04-29/POL2018-04-29_163637.dat	vac/atmo	1	30	3.990000	2.03E-01	3.82E-03	33.700001	1800.653443	-1005.969100	0.697634	0.002894	0.000199	0.002504	0.000197	0.000140	-0.002522	0.000220	-0.052253	0.000173	0.294849	0.000200	-0.047610	0.000196	0.052314	-1.619024	0.298668	-0.160090	0.003992	0.999783
/home/pi/Data/2018-04-29/POL2018-04-29_163754.dat	vac/atmo	1	30	3.990000	1.85E-01	3.82E-03	33.700001	1800.729774	-1005.740106	0.697843	0.002908	0.000195	0.003152	0.000194	0.000138	-0.001919	0.000215	-0.051973	0.000172	0.294372	0.000196	-0.047903	0.000194	0.052008	-1.607701	0.298244	-0.161316	0.003474	0.999811
/home/pi/Data/2018-04-29/POL2018-04-29_163911.dat	vac/atmo	1	30	3.990000	1.65E-01	3.82E-03	33.700001	1802.256398	-1005.892769	0.697348	0.003346	0.000196	0.002913	0.000197	0.000139	-0.002871	0.000218	-0.052012	0.000173	0.294795	0.000198	-0.047729	0.000195	0.052091	-1.625933	0.298634	-0.160513	0.003985	0.999783
