numDataPoints 40
USB-1208LS Device is found!

/home/pi/Data/2017-04-23/POL2017-04-23_190752.dat
file does not exist. print header
#SummaryFilename:	/home/pi/Data/2017-04-23/test3.dat
BK volts 1.00
IonGauge 7.25E-06 Torr 
CVGauge(0) 7.45E+02 Torr
MotorTemperature:	35.90
LED current: 	-0.24 mA
Step	PMTcurrent	PMTcurrentStdDev
0	-0.003130	0.000197
10	-0.002595	0.000267
20	-0.002786	0.000348
30	-0.003359	0.000263
40	-0.002672	0.000208
50	-0.002901	0.000304
60	-0.003168	0.000189
70	-0.002786	0.000253
80	-0.003015	0.000290
90	-0.003130	0.000263
100	-0.002901	0.000323
110	-0.002901	0.000231
120	-0.003511	0.000267
130	-0.003091	0.000368
140	-0.003244	0.000217
150	-0.002748	0.000285
160	-0.002786	0.000234
170	-0.003244	0.000249
180	-0.002710	0.000267
190	-0.003168	0.000211
200	-0.003091	0.000226
210	-0.002901	0.000211
220	-0.003359	0.000285
230	-0.002672	0.000201
240	-0.003244	0.000243
250	-0.002672	0.000467
260	-0.002672	0.000222
270	-0.003130	0.000285
280	-0.003397	0.000278
290	-0.003206	0.000367
300	-0.002901	0.000323
310	-0.003435	0.000397
320	-0.003091	0.000226
330	-0.003244	0.000382
340	-0.002481	0.000378
350	-0.002977	0.000329
360	-0.003397	0.000196
370	-0.002519	0.000290
380	-0.003320	0.000214
390	-0.003244	0.000336
volts	CVtron		IonG		Temp	mag2	angle2	mag4	angle4
1.000	7.45E+02	7.25E-06	35.900	6.61e-05	0.602	9.14e-05	-3.04
c0	c2	s2	c4	s4
-0.00302	5.45e-05	3.75e-05	-9.1e-05	-9.05e-06
SStot 0.000003
SSres 0.000003
R² = 0.089235
